nfev b          stx          sty          stp           fp           dp|case
   1 0            0            0           10      80168.1      42070.4|  u1
   2 1            0           10      2.30699      8.87031      43.8761|  u1
   3 1            0      2.30699     0.687287    -0.298867     -1.50097|  u2
   4 1     0.687287      2.30699      1.56614     -2.61265    -0.577905|  u2
   5 1      1.56614      2.30699      1.61237     -2.61864     0.345736|  u3
   6 1      1.61237      1.56614      1.59507     -2.62143   -0.0190515|  u3
   7 1      1.59507      1.61237        1.596     -2.62144  2.79148e-06|  u3
   8 1        1.596      1.59507        1.596     -2.62144 -5.60445e-08|  u3
   9 1        1.596        1.596        1.596     -2.62144 -5.09274e-08|  t1
