nfev b          stx          sty          stp           fp           dp|case
   1 0            0            0            1     -1.01203      -3.0159|  u2
   2 0            1            0            5      1883.52      2132.61|  u1
   3 1            1            5      1.81145     -2.00472      6.44562|  u3
   4 1      1.81145            1      1.25865     -1.87416     -3.39546|  u1
   5 1      1.81145      1.25865      1.59158     -2.62124   -0.0898394|  u3
   6 1      1.59158      1.81145      1.59613     -2.62144   0.00265478|  u3
   7 1      1.59613      1.59158        1.596     -2.62144 -2.21825e-05|  u3
   8 1        1.596      1.59613        1.596     -2.62144 -5.10726e-08|  u2
   9 1        1.596      1.59613        1.596     -2.62144  -5.1072e-08|  t1
