nfev b          stx          sty          stp           fp           dp|case
   1 0            0            0           10      18.8915      1.98905|  u1
   2 1            0           10      1.00037      1.00041      1.02684|  u1
   3 1            0      1.00037     0.501178     0.994616  -0.00875179|  u2
   4 1     0.501178      1.00037     0.505102     0.994581  -0.00874856|  u2
   5 1     0.505102      1.00037     0.831978     0.991851  -0.00718659|  u2
   6 1     0.831978      1.00037     0.943116     0.991431   0.00613673|  u3
   7 1     0.943116     0.831978     0.883593     0.991521  -0.00528523|  u1
   8 1     0.943116     0.883593      0.92023     0.991388   -0.0011927|  u3
   9 1      0.92023     0.943116     0.921365     0.991387 -0.000969718|  t1
